202504060021 用户1 快递员1 0 0 2.000000 1.000000 0 100.000000 平台1 0 0 0 0
202504060022 用户1 快递员1 0 0 2.000000 1.000000 0 100.000000 平台1 0 0 0 0
202504060023 用户1 快递员1 0 0 2.000000 1.000000 0 100.000000 平台1 0 0 0 0
202504060024 用户1 快递员1 0 0 2.000000 1.000000 0 100.000000 平台1 0 0 0 0
202504060025 用户1 快递员1 0 0 2.000000 1.000000 0 100.000000 平台1 0 0 0 0
202504060026 用户2 快递员2 0 0 2.000000 1.000000 1 100.000000 平台1 0 0 0 0
202504060027 用户2 快递员2 0 0 2.000000 1.000000 1 100.000000 平台1 0 0 0 0
202504060028 用户2 快递员2 0 0 2.000000 1.000000 1 100.000000 平台1 0 0 0 0
202504060029 用户2 快递员2 0 0 2.000000 1.000000 1 100.000000 平台1 0 0 0 0
202504060030 用户2 快递员2 0 0 2.000000 1.000000 1 100.000000 平台1 0 0 0 0
202504060031 用户2 快递员3 0 0 2.000000 1.000000 2 100.000000 平台1 0 0 0 0
202504060032 用户2 快递员3 0 0 2.000000 1.000000 2 100.000000 平台1 0 0 0 0
202504060033 用户3 快递员3 0 0 2.000000 1.000000 2 100.000000 平台1 0 0 0 0
202504060034 用户4 快递员3 0 0 2.000000 1.000000 2 100.000000 平台1 0 0 0 0
202504060035 用户5 快递员3 0 0 2.000000 1.000000 2 100.000000 平台1 0 0 0 0
202504060036 用户6 快递员4 0 0 2.000000 1.000000 0 100.000000 平台1 0 0 0 0
202504060037 用户7 快递员4 0 0 2.000000 1.000000 0 100.000000 平台1 0 0 0 0
202504060038 用户8 快递员4 0 0 2.000000 1.000000 0 100.000000 平台1 0 0 0 0
202504060039 用户9 快递员4 0 0 2.000000 1.000000 0 100.000000 平台1 0 0 0 0
202504060040 用户10 快递员4 0 0 2.000000 1.000000 0 100.000000 平台1 0 0 0 0
