管理员1 123456 0 0
管理员2 123456 0 0
管理员3 123456 0 0
管理员4 123456 0 0
管理员5 123456 0 0
管理员6 123456 0 0
管理员7 123456 0 0
管理员8 123456 0 0
管理员9 123456 0 0
管理员10 123456 0 0
管理员11 123456 0 0
管理员12 123456 0 0
管理员13 123456 0 0
管理员14 123456 0 0
管理员15 123456 0 0
管理员16 123456 0 0
管理员17 123456 0 0
管理员18 123456 0 0
管理员19 123456 0 0
管理员20 123456 0 0
管理员21 123456 0 0
管理员22 123456 0 0
管理员23 123456 0 0
管理员24 123456 0 0
管理员25 123456 0 0
管理员26 123456 0 0
管理员27 123456 0 0
管理员28 123456 0 0
管理员29 123456 0 0
管理员30 123456 0 0
