快递员1 123456 0 0 0
快递员2 123456 0 0 0
快递员3 123456 0 0 0
快递员4 123456 0 0 0
快递员5 123456 0 0 0
快递员6 123456 0 0 0
快递员7 123456 0 0 0
快递员8 123456 0 0 0
快递员9 123456 0 0 0
快递员10 123456 0 0 0
快递员11 123456 0 0 0
快递员12 123456 0 0 0
快递员13 123456 0 0 0
快递员14 123456 0 0 0
快递员15 123456 0 0 0
快递员16 123456 0 0 0
快递员17 123456 0 0 0
快递员18 123456 0 0 0
快递员19 123456 0 0 0
快递员20 123456 0 0 0
快递员21 123456 0 0 0
快递员22 123456 0 0 0
快递员23 123456 0 0 0
快递员24 123456 0 0 0
快递员25 123456 0 0 0
快递员26 123456 0 0 0
快递员27 123456 0 0 0
快递员28 123456 0 0 0
快递员29 123456 0 0 0
快递员30 123456 0 0 0
