202504060041 用户100 0 0 0 2.000000 1.000000 0 100.000000 用户1 0 0 0 0
202504060042 用户200 0 0 0 2.000000 1.000000 0 100.000000 用户1 0 0 0 0
202504060043 用户300 0 0 0 2.000000 1.000000 0 100.000000 用户1 0 0 0 0
202504060044 用户400 0 0 0 2.000000 1.000000 0 100.000000 用户1 0 0 0 0
202504060045 用户500 0 0 0 2.000000 1.000000 0 100.000000 用户1 0 0 0 0
202504060046 用户600 0 0 0 2.000000 1.000000 0 100.000000 用户2 0 0 0 0
202504060047 用户700 0 0 0 2.000000 1.000000 0 100.000000 用户2 0 0 0 0
202504060048 用户800 0 0 0 2.000000 1.000000 0 100.000000 用户2 0 0 0 0
202504060049 用户900 0 0 0 2.000000 1.000000 0 100.000000 用户2 0 0 0 0
202504060050 用户100 0 0 0 2.000000 1.000000 0 100.000000 用户2 0 0 0 0
202504060051 用户110 0 0 0 2.000000 1.000000 0 100.000000 用户3 0 0 0 0
202504060052 用户120 0 0 0 2.000000 1.000000 0 100.000000 用户3 0 0 0 0
202504060053 用户130 0 0 0 2.000000 1.000000 0 100.000000 用户3 0 0 0 0
202504060054 用户140 0 0 0 2.000000 1.000000 0 100.000000 用户3 0 0 0 0
202504060055 用户150 0 0 0 2.000000 1.000000 0 100.000000 用户3 0 0 0 0
202504060056 用户160 0 0 0 2.000000 1.000000 0 100.000000 用户4 0 0 0 0
202504060057 用户170 0 0 0 2.000000 1.000000 0 100.000000 用户4 0 0 0 0
202504060058 用户180 0 0 0 2.000000 1.000000 0 100.000000 用户4 0 0 0 0
202504060059 用户190 0 0 0 2.000000 1.000000 0 100.000000 用户4 0 0 0 0
202504060060 用户200 0 0 0 2.000000 1.000000 0 100.000000 用户4 0 0 0 0
