202504060001 用户1 0 0 0 2.000000 1.000000 0 100.000000 平台1 0 0 0 0
202504060002 用户2 0 0 0 2.000000 1.000000 0 100.000000 平台1 0 0 0 0
202504060003 用户3 0 0 0 2.000000 1.000000 0 100.000000 平台1 0 0 0 0
202504060004 用户4 0 0 0 2.000000 1.000000 0 100.000000 平台1 0 0 0 0
202504060005 用户5 0 0 0 2.000000 1.000000 0 100.000000 平台1 0 0 0 0
202504060006 用户6 0 0 0 2.000000 1.000000 1 100.000000 平台1 0 0 0 0
202504060007 用户7 0 0 0 2.000000 1.000000 1 100.000000 平台1 0 0 0 0
202504060008 用户8 0 0 0 2.000000 1.000000 1 100.000000 平台1 0 0 0 0
202504060009 用户9 0 0 0 2.000000 1.000000 1 100.000000 平台1 0 0 0 0
202504060010 用户10 0 0 0 2.000000 1.000000 1 100.000000 平台1 0 0 0 0
202504060011 用户11 0 0 0 2.000000 1.000000 2 100.000000 平台1 0 0 0 0
202504060012 用户12 0 0 0 2.000000 1.000000 2 100.000000 平台1 0 0 0 0
202504060013 用户13 0 0 0 2.000000 1.000000 2 100.000000 平台1 0 0 0 0
202504060014 用户14 0 0 0 2.000000 1.000000 2 100.000000 平台1 0 0 0 0
202504060015 用户15 0 0 0 2.000000 1.000000 2 100.000000 平台1 0 0 0 0
202504060016 用户16 0 0 0 2.000000 1.000000 0 100.000000 平台1 0 0 0 0
202504060017 用户17 0 0 0 2.000000 1.000000 0 100.000000 平台1 0 0 0 0
202504060018 用户18 0 0 0 2.000000 1.000000 0 100.000000 平台1 0 0 0 0
202504060019 用户19 0 0 0 2.000000 1.000000 0 100.000000 平台1 0 0 0 0
202504060020 用户20 0 0 0 2.000000 1.000000 0 100.000000 平台1 0 0 0 0
