用户1 123456 123456 0 0 1 用户2 0 0 0 0 0 谢谢 0
用户2 123456 123456 1 0 1 用户1 0 0 0 0 0 0 0
用户3 123456 123456 2 0 1 0 0 0 0 0 0 0 0
用户4 123456 123456 3 0 1 0 0 0 0 0 0 0 0
用户5 123456 123456 4 0 0 0 0 0 0 0 0 0 0
用户6 123456 123456 0 0 0 0 0 0 0 0 0 0 0
用户7 123456 123456 0 0 0 0 0 0 0 0 0 0 0
用户8 123456 123456 0 0 0 0 0 0 0 0 0 0 0
用户9 123456 123456 0 0 0 0 0 0 0 0 0 0 0
用户10 123456 123456 0 0 0 0 0 0 0 0 0 0 0
用户11 123456 123456 0 0 0 0 0 0 0 0 0 0 0
用户12 123456 123456 0 0 0 0 0 0 0 0 0 0 0
用户13 123456 123456 0 0 0 0 0 0 0 0 0 0 0
用户14 123456 123456 0 0 0 0 0 0 0 0 0 0 0
用户15 123456 123456 0 0 0 0 0 0 0 0 0 0 0
用户16 123456 123456 0 0 0 0 0 0 0 0 0 0 0
用户17 123456 123456 0 0 0 0 0 0 0 0 0 0 0
用户18 123456 123456 0 0 0 0 0 0 0 0 0 0 0
用户19 123456 123456 0 0 0 0 0 0 0 0 0 0 0
用户20 123456 123456 0 0 0 0 0 0 0 0 0 0 0
用户21 123456 123456 0 0 0 0 0 0 0 0 0 0 0
用户22 123456 123456 0 0 0 0 0 0 0 0 0 0 0
用户23 123456 123456 0 0 0 0 0 0 0 0 0 0 0
用户24 123456 123456 0 0 0 0 0 0 0 0 0 0 0
用户25 123456 123456 0 0 0 0 0 0 0 0 0 0 0
用户26 123456 123456 0 0 0 0 0 0 0 0 0 0 0
用户27 123456 123456 0 0 0 0 0 0 0 0 0 0 0
用户28 123456 123456 0 0 0 0 0 0 0 0 0 0 0
用户29 123456 123456 0 0 0 0 0 0 0 0 0 0 0
用户30 123456 123456 0 0 0 0 0 0 0 0 0 0 0
